0 11110
01 11110
11110 11000
0 11110
01 01111
01 1010
0 01
11110 00000
01 0010
0 00000
11110 00000
01 00000
0010 11111
11110 00111
11100 01111
1000 00001
0 11000
01 11111
01 11111
0010 11111
11110 10000
01 00000
1000 00111
0010 11111
11110 00011
11100 11110
1000 11111
0 00000
11110 00000
01 0010
0 11110
1000 00000
11100 00011
0 01
11100 100
01 01111
0 11110
01 11110
01 1010
0 11110
1000 01111
01 0
0 00000
11110 00000
01 00000
0 01
11110 00000
11100 01111
0 11110
1000 01111
01 0010
0010 11111
11110 00011
11100 100
01 0
0 00000
11110 00000
01 00001
0 11110
11110 11110
01 11100
0 11110
11110 11110
01 11100
0 11110
11110 11110
01 11100
0 00011
1000 11100
11100 100
0 00011
1000 11100
11100 100
0 11100
11110 100
11100 01111
0 11000
1000 00000
11100 00011
0010 11111
01 11111
11100 00000
11100 01111
0 10000
1000 11110
01 00111
0 10000
01 11110
01 00111
0 10000
11110 11100
1000 01111
0 10000
01 100
01 00001
0 11110
01 11111
1000 11111
0 10000
01 11110
01 10000
0 10000
11110 11100
1000 00000
0 11110
11110 100
01 10000
0 11110
11110 11100
1000 11100
0 10000
11110 11110
01 00000
0 10000
11110 1010
1000 00011
0 11110
01 11111
1000 11000
0 11110
01 1010
1000 10000
0 11110
01 11100
1000 00111
0 11110
01 11100
1000 11100
0 11110
01 11100
1000 10000
0 00001
11100 00000
1000 100
0 01111
11110 00001
11100 01